  0.00000000E+00   -0.156224159204E+04
  0.10000000E+01   -0.155323829204E+04
  0.20000000E+01   -0.154492309204E+04
  0.30000000E+01   -0.153700879204E+04
  0.40000000E+01   -0.152937719204E+04
  0.50000000E+01   -0.152196429204E+04
  0.60000000E+01   -0.151472869204E+04
  0.70000000E+01   -0.150764269204E+04
  0.80000000E+01   -0.150068574204E+04
  0.90000000E+01   -0.149384123204E+04
  0.10000000E+02   -0.148709775204E+04
  0.11000000E+02   -0.148044498204E+04
  0.12000000E+02   -0.147387474204E+04
  0.13000000E+02   -0.146737968204E+04
  0.14000000E+02   -0.146095496204E+04
  0.15000000E+02   -0.145459441204E+04
  0.16000000E+02   -0.144829462204E+04
  0.17000000E+02   -0.144205104204E+04
  0.18000000E+02   -0.143585927204E+04
  0.19000000E+02   -0.142971712204E+04
  0.20000000E+02   -0.142362225204E+04
  0.21000000E+02   -0.141757148204E+04
  0.22000000E+02   -0.141156346204E+04
  0.23000000E+02   -0.140559579204E+04
  0.24000000E+02   -0.139966606204E+04
  0.25000000E+02   -0.139377321204E+04
  0.26000000E+02   -0.138791477204E+04
  0.27000000E+02   -0.138209027204E+04
  0.28000000E+02   -0.137629782204E+04
  0.29000000E+02   -0.137053592204E+04
  0.30000000E+02   -0.136480431204E+04
  0.31000000E+02   -0.135910115204E+04
  0.32000000E+02   -0.135342590204E+04
  0.33000000E+02   -0.134777707204E+04
  0.34000000E+02   -0.134215440204E+04
  0.35000000E+02   -0.133655713204E+04
  0.36000000E+02   -0.133098373204E+04
  0.37000000E+02   -0.132543370204E+04
  0.38000000E+02   -0.131990653204E+04
  0.39000000E+02   -0.131440157204E+04
  0.40000000E+02   -0.130891810204E+04
  0.41000000E+02   -0.130345568204E+04
  0.42000000E+02   -0.129801324204E+04
  0.43000000E+02   -0.129259107204E+04
  0.44000000E+02   -0.128718790204E+04
  0.45000000E+02   -0.128180337204E+04
  0.46000000E+02   -0.127643693204E+04
  0.47000000E+02   -0.127108857204E+04
  0.48000000E+02   -0.126575734204E+04
  0.49000000E+02   -0.126044362204E+04
  0.50000000E+02   -0.125514618204E+04
  0.51000000E+02   -0.124986557204E+04
  0.52000000E+02   -0.124460010204E+04
  0.53000000E+02   -0.123935121204E+04
  0.54000000E+02   -0.123411689204E+04
  0.55000000E+02   -0.122889752204E+04
  0.56000000E+02   -0.122369274204E+04
  0.57000000E+02   -0.121850247204E+04
  0.58000000E+02   -0.121332596204E+04
  0.59000000E+02   -0.120816351204E+04
  0.60000000E+02   -0.120301430204E+04
  0.61000000E+02   -0.119787858204E+04
  0.62000000E+02   -0.119275589204E+04
  0.63000000E+02   -0.118764533204E+04
  0.64000000E+02   -0.118254742204E+04
  0.65000000E+02   -0.117746252204E+04
  0.66000000E+02   -0.117238968204E+04
  0.67000000E+02   -0.116732891204E+04
  0.68000000E+02   -0.116227948204E+04
  0.69000000E+02   -0.115724242204E+04
  0.70000000E+02   -0.115221648204E+04
  0.71000000E+02   -0.114720206204E+04
  0.72000000E+02   -0.114219786204E+04
  0.73000000E+02   -0.113720447204E+04
  0.74000000E+02   -0.113222236204E+04
  0.75000000E+02   -0.112725051204E+04
  0.76000000E+02   -0.112228917204E+04
  0.77000000E+02   -0.111733814204E+04
  0.78000000E+02   -0.111239711204E+04
  0.79000000E+02   -0.110746628204E+04
  0.80000000E+02   -0.110254492204E+04
  0.81000000E+02   -0.109763418204E+04
  0.82000000E+02   -0.109273215204E+04
  0.83000000E+02   -0.108783992204E+04
  0.84000000E+02   -0.108295708204E+04
  0.85000000E+02   -0.107808326204E+04
  0.86000000E+02   -0.107321761204E+04
  0.87000000E+02   -0.106836130204E+04
  0.88000000E+02   -0.106351503204E+04
  0.89000000E+02   -0.105867691204E+04
  0.90000000E+02   -0.105384819204E+04
  0.91000000E+02   -0.104902717204E+04
  0.92000000E+02   -0.104421492204E+04
  0.93000000E+02   -0.103941140204E+04
  0.94000000E+02   -0.103461592204E+04
  0.95000000E+02   -0.102982864204E+04
  0.96000000E+02   -0.102505049204E+04
  0.97000000E+02   -0.102028049204E+04
  0.98000000E+02   -0.101551840204E+04
  0.99000000E+02   -0.101076364204E+04
  0.10000000E+03   -0.100601646204E+04
  0.10100000E+03   -0.100127850204E+04
  0.10200000E+03   -0.996547722040E+03
  0.10300000E+03   -0.991823622040E+03
  0.10400000E+03   -0.987108002040E+03
  0.10500000E+03   -0.982400222040E+03
  0.10600000E+03   -0.977698322040E+03
  0.10700000E+03   -0.973005792040E+03
  0.10800000E+03   -0.968320112040E+03
  0.10900000E+03   -0.963642192040E+03
  0.11000000E+03   -0.958970982040E+03
  0.11100000E+03   -0.954307692040E+03
  0.11200000E+03   -0.949651022040E+03
  0.11300000E+03   -0.945002382040E+03
  0.11400000E+03   -0.940359642040E+03
  0.11500000E+03   -0.935724252040E+03
  0.11600000E+03   -0.931095542040E+03
  0.11700000E+03   -0.926473602040E+03
  0.11800000E+03   -0.921859212040E+03
  0.11900000E+03   -0.917251432040E+03
  0.12000000E+03   -0.912650622040E+03
  0.12100000E+03   -0.908056982040E+03
  0.12200000E+03   -0.903469432040E+03
  0.12300000E+03   -0.898889472040E+03
  0.12400000E+03   -0.894316092040E+03
  0.12500000E+03   -0.889749582040E+03
  0.12600000E+03   -0.885188572040E+03
  0.12700000E+03   -0.880634622040E+03
  0.12800000E+03   -0.876087212040E+03
  0.12900000E+03   -0.871546852040E+03
  0.13000000E+03   -0.867012292040E+03
  0.13100000E+03   -0.862484882040E+03
  0.13200000E+03   -0.857962712040E+03
  0.13300000E+03   -0.853448132040E+03
  0.13400000E+03   -0.848941542040E+03
  0.13500000E+03   -0.844441022040E+03
  0.13600000E+03   -0.839945902040E+03
  0.13700000E+03   -0.835456362040E+03
  0.13800000E+03   -0.830974452040E+03
  0.13900000E+03   -0.826497962040E+03
  0.14000000E+03   -0.822028582040E+03
  0.14100000E+03   -0.817565122040E+03
  0.14200000E+03   -0.813108082040E+03
  0.14300000E+03   -0.808657532040E+03
  0.14400000E+03   -0.804213132040E+03
  0.14500000E+03   -0.799775612040E+03
  0.14600000E+03   -0.795342762040E+03
  0.14700000E+03   -0.790917372040E+03
  0.14800000E+03   -0.786498192040E+03
  0.14900000E+03   -0.782085372040E+03
  0.15000000E+03   -0.777678942040E+03
  0.15100000E+03   -0.773278072040E+03
  0.15200000E+03   -0.768883912040E+03
  0.15300000E+03   -0.764496022040E+03
  0.15400000E+03   -0.760113632040E+03
  0.15500000E+03   -0.755736382040E+03
  0.15600000E+03   -0.751366472040E+03
  0.15700000E+03   -0.747003132040E+03
  0.15800000E+03   -0.742645412040E+03
  0.15900000E+03   -0.738294502040E+03
  0.16000000E+03   -0.733949562040E+03
  0.16100000E+03   -0.729610772040E+03
  0.16200000E+03   -0.725278302040E+03
  0.16300000E+03   -0.720953232040E+03
  0.16400000E+03   -0.716633962040E+03
  0.16500000E+03   -0.712320942040E+03
  0.16600000E+03   -0.708013382040E+03
  0.16700000E+03   -0.703713012040E+03
  0.16800000E+03   -0.699419072040E+03
  0.16900000E+03   -0.695131022040E+03
  0.17000000E+03   -0.690849142040E+03
  0.17100000E+03   -0.686572852040E+03
  0.17200000E+03   -0.682304952040E+03
  0.17300000E+03   -0.678041862040E+03
  0.17400000E+03   -0.673785612040E+03
  0.17500000E+03   -0.669536012040E+03
  0.17600000E+03   -0.665290552040E+03
  0.17700000E+03   -0.661053092040E+03
  0.17800000E+03   -0.656821262040E+03
  0.17900000E+03   -0.652596622040E+03
  0.18000000E+03   -0.648378652040E+03
  0.18100000E+03   -0.644167662040E+03
  0.18200000E+03   -0.639962092040E+03
  0.18300000E+03   -0.635763022040E+03
  0.18400000E+03   -0.631570482040E+03
  0.18500000E+03   -0.627385602040E+03
  0.18600000E+03   -0.623205522040E+03
  0.18700000E+03   -0.619032682040E+03
  0.18800000E+03   -0.614867372040E+03
  0.18900000E+03   -0.610708542040E+03
  0.19000000E+03   -0.606556672040E+03
  0.19100000E+03   -0.602411272040E+03
  0.19200000E+03   -0.598271606040E+03
  0.19300000E+03   -0.594139015040E+03
  0.19400000E+03   -0.590014092040E+03
  0.19500000E+03   -0.585896821040E+03
  0.19600000E+03   -0.581785445040E+03
  0.19700000E+03   -0.577680930040E+03
  0.19800000E+03   -0.573582253040E+03
  0.19900000E+03   -0.569491399040E+03
  0.20000000E+03   -0.565407004040E+03
  0.20100000E+03   -0.561329986040E+03
  0.20200000E+03   -0.557259503040E+03
  0.20300000E+03   -0.553196448040E+03
  0.20400000E+03   -0.549140415040E+03
  0.20500000E+03   -0.545091691040E+03
  0.20600000E+03   -0.541050000040E+03
  0.20700000E+03   -0.537016335040E+03
  0.20800000E+03   -0.532987914040E+03
  0.20900000E+03   -0.528967605040E+03
  0.21000000E+03   -0.524955425040E+03
  0.21100000E+03   -0.520949008040E+03
  0.21200000E+03   -0.516951848873E+03
  0.21300000E+03   -0.512961711540E+03
  0.21400000E+03   -0.508979096790E+03
  0.21500000E+03   -0.505003653790E+03
  0.21600000E+03   -0.501036150137E+03
  0.21700000E+03   -0.497076090137E+03
  0.21800000E+03   -0.493124070137E+03
  0.21900000E+03   -0.489179510137E+03
  0.22000000E+03   -0.485242500137E+03
  0.22100000E+03   -0.481314140137E+03
  0.22200000E+03   -0.477393590137E+03
  0.22300000E+03   -0.473480630137E+03
  0.22400000E+03   -0.469575450137E+03
  0.22500000E+03   -0.465677970137E+03
  0.22600000E+03   -0.461788880137E+03
  0.22700000E+03   -0.457908330137E+03
  0.22800000E+03   -0.454036540137E+03
  0.22900000E+03   -0.450172830137E+03
  0.23000000E+03   -0.446316960137E+03
  0.23100000E+03   -0.442469340137E+03
  0.23200000E+03   -0.438630780137E+03
  0.23300000E+03   -0.434800590137E+03
  0.23400000E+03   -0.430978590137E+03
  0.23500000E+03   -0.427166760137E+03
  0.23600000E+03   -0.423363090137E+03
  0.23700000E+03   -0.419567420137E+03
  0.23800000E+03   -0.415780720137E+03
  0.23900000E+03   -0.412003140137E+03
  0.24000000E+03   -0.408234650137E+03
  0.24100000E+03   -0.404476400137E+03
  0.24200000E+03   -0.400726330137E+03
  0.24300000E+03   -0.396984600137E+03
  0.24400000E+03   -0.393253370137E+03
  0.24500000E+03   -0.389530440137E+03
  0.24600000E+03   -0.385818382137E+03
  0.24700000E+03   -0.382114606137E+03
  0.24800000E+03   -0.378421414137E+03
  0.24900000E+03   -0.374737349137E+03
  0.25000000E+03   -0.371063009137E+03
  0.25100000E+03   -0.367399093137E+03
  0.25200000E+03   -0.363743511137E+03
  0.25300000E+03   -0.360098099137E+03
  0.25400000E+03   -0.356462941137E+03
  0.25500000E+03   -0.352838502137E+03
  0.25600000E+03   -0.349224468137E+03
  0.25700000E+03   -0.345620615137E+03
  0.25800000E+03   -0.342027485137E+03
  0.25900000E+03   -0.338444136137E+03
  0.26000000E+03   -0.334872322137E+03
  0.26100000E+03   -0.331311551137E+03
  0.26200000E+03   -0.327761914137E+03
  0.26300000E+03   -0.324221377137E+03
  0.26400000E+03   -0.320691534137E+03
  0.26500000E+03   -0.317173432137E+03
  0.26600000E+03   -0.313666571137E+03
  0.26700000E+03   -0.310171502137E+03
  0.26800000E+03   -0.306687644137E+03
  0.26900000E+03   -0.303215930137E+03
  0.27000000E+03   -0.299756280137E+03
  0.27100000E+03   -0.296307376803E+03
  0.27200000E+03   -0.292870168453E+03
  0.27300000E+03   -0.289445306120E+03
  0.27400000E+03   -0.286031968151E+03
  0.27500000E+03   -0.282631328151E+03
  0.27600000E+03   -0.279242828151E+03
  0.27700000E+03   -0.275866178151E+03
  0.27800000E+03   -0.272502568151E+03
  0.27900000E+03   -0.269151188151E+03
  0.28000000E+03   -0.265813365151E+03
  0.28100000E+03   -0.262488314151E+03
  0.28200000E+03   -0.259175998151E+03
  0.28300000E+03   -0.255875326151E+03
  0.28400000E+03   -0.252589131151E+03
  0.28500000E+03   -0.249315537151E+03
  0.28600000E+03   -0.246055480151E+03
  0.28700000E+03   -0.242809599151E+03
  0.28800000E+03   -0.239578108151E+03
  0.28900000E+03   -0.236359300151E+03
  0.29000000E+03   -0.233153792151E+03
  0.29100000E+03   -0.229962492151E+03
  0.29200000E+03   -0.226786940151E+03
  0.29300000E+03   -0.223624149151E+03
  0.29400000E+03   -0.220476320151E+03
  0.29500000E+03   -0.217343380151E+03
  0.29600000E+03   -0.214224088151E+03
  0.29700000E+03   -0.211119732151E+03
  0.29800000E+03   -0.208031715151E+03
  0.29900000E+03   -0.204958169151E+03
  0.30000000E+03   -0.201899507151E+03
  0.30100000E+03   -0.198856605151E+03
  0.30200000E+03   -0.195831173151E+03
  0.30300000E+03   -0.192820003151E+03
  0.30400000E+03   -0.189825483151E+03
  0.30500000E+03   -0.186845869151E+03
  0.30600000E+03   -0.183883465151E+03
  0.30700000E+03   -0.180938258151E+03
  0.30800000E+03   -0.178008302817E+03
  0.30900000E+03   -0.175094723084E+03
  0.31000000E+03   -0.172199285534E+03
  0.31100000E+03   -0.169319900434E+03
  0.31200000E+03   -0.166457304396E+03
  0.31300000E+03   -0.163611522396E+03
  0.31400000E+03   -0.160784416396E+03
  0.31500000E+03   -0.157974374396E+03
  0.31600000E+03   -0.155181038396E+03
  0.31700000E+03   -0.152406988396E+03
  0.31800000E+03   -0.149651031396E+03
  0.31900000E+03   -0.146914100396E+03
  0.32000000E+03   -0.144195421396E+03
  0.32100000E+03   -0.141494729396E+03
  0.32200000E+03   -0.138812390396E+03
  0.32300000E+03   -0.136149524396E+03
  0.32400000E+03   -0.133507345396E+03
  0.32500000E+03   -0.130886038396E+03
  0.32600000E+03   -0.128283404396E+03
  0.32700000E+03   -0.125697987396E+03
  0.32800000E+03   -0.123132085396E+03
  0.32900000E+03   -0.120586894396E+03
  0.33000000E+03   -0.118062505396E+03
  0.33100000E+03   -0.115561251396E+03
  0.33200000E+03   -0.113081318396E+03
  0.33300000E+03   -0.110620785396E+03
  0.33400000E+03   -0.108182743396E+03
  0.33500000E+03   -0.105764561396E+03
  0.33600000E+03   -0.103369746396E+03
  0.33700000E+03   -0.100995996396E+03
  0.33800000E+03   -0.986430253961E+02
  0.33900000E+03   -0.963113313961E+02
  0.34000000E+03   -0.940020328128E+02
  0.34100000E+03   -0.917157592794E+02
  0.34200000E+03   -0.894529478294E+02
  0.34300000E+03   -0.872123419294E+02
  0.34400000E+03   -0.849947816961E+02
  0.34500000E+03   -0.828017846961E+02
  0.34600000E+03   -0.806310406961E+02
  0.34700000E+03   -0.784841936961E+02
  0.34800000E+03   -0.763637466961E+02
  0.34900000E+03   -0.742663156961E+02
  0.35000000E+03   -0.721928726961E+02
  0.35100000E+03   -0.701444696961E+02
  0.35200000E+03   -0.681202326961E+02
  0.35300000E+03   -0.661224586961E+02
  0.35400000E+03   -0.641494126961E+02
  0.35500000E+03   -0.622029026961E+02
  0.35600000E+03   -0.602823416961E+02
  0.35700000E+03   -0.583891296961E+02
  0.35800000E+03   -0.565221186961E+02
  0.35900000E+03   -0.546772896961E+02
  0.36000000E+03   -0.528618296961E+02
  0.36100000E+03   -0.510740336961E+02
  0.36200000E+03   -0.493153866961E+02
  0.36300000E+03   -0.475870666961E+02
  0.36400000E+03   -0.458815313961E+02
  0.36500000E+03   -0.442075770961E+02
  0.36600000E+03   -0.425595560961E+02
  0.36700000E+03   -0.409426286295E+02
  0.36800000E+03   -0.393541593295E+02
  0.36900000E+03   -0.377963366962E+02
  0.37000000E+03   -0.362655375029E+02
  0.37100000E+03   -0.347628005029E+02
  0.37200000E+03   -0.332933335029E+02
  0.37300000E+03   -0.318524865029E+02
  0.37400000E+03   -0.304400325029E+02
  0.37500000E+03   -0.290615855029E+02
  0.37600000E+03   -0.277128925029E+02
  0.37700000E+03   -0.263963425029E+02
  0.37800000E+03   -0.251117405029E+02
  0.37900000E+03   -0.238616975029E+02
  0.38000000E+03   -0.226449325029E+02
  0.38100000E+03   -0.214584535029E+02
  0.38200000E+03   -0.203038695029E+02
  0.38300000E+03   -0.191819575029E+02
  0.38400000E+03   -0.180924647029E+02
  0.38500000E+03   -0.170382547029E+02
  0.38600000E+03   -0.160148337029E+02
  0.38700000E+03   -0.150272113029E+02
  0.38800000E+03   -0.140755305029E+02
  0.38900000E+03   -0.131612807029E+02
  0.39000000E+03   -0.122774825362E+02
  0.39100000E+03   -0.114332262028E+02
  0.39200000E+03   -0.106260917028E+02
  0.39300000E+03   -0.985275896950E+01
  0.39400000E+03   -0.911772118933E+01
  0.39500000E+03   -0.842147508933E+01
  0.39600000E+03   -0.776269088933E+01
  0.39700000E+03   -0.713439678933E+01
  0.39800000E+03   -0.654929018933E+01
  0.39900000E+03   -0.600182638933E+01
  0.40000000E+03   -0.549148698933E+01
  0.40100000E+03   -0.502565288933E+01
  0.40200000E+03   -0.459193888933E+01
  0.40300000E+03   -0.420060738933E+01
  0.40400000E+03   -0.384606158933E+01
  0.40500000E+03   -0.353226818933E+01
  0.40600000E+03   -0.325751768933E+01
  0.40700000E+03   -0.303141318933E+01
  0.40800000E+03   -0.284106198933E+01
  0.40900000E+03   -0.268960568933E+01
  0.41000000E+03   -0.258686818933E+01
  0.41100000E+03   -0.251962528933E+01
  0.41200000E+03   -0.249630075604E+01
  0.41300000E+03   -0.251696128934E+01
  0.41400000E+03   -0.258064543934E+01
  0.41500000E+03   -0.268528743934E+01
  0.41600000E+03   -0.282791727272E+01
  0.41700000E+03   -0.302313147272E+01
  0.41800000E+03   -0.326385077272E+01
  0.41900000E+03   -0.354993837272E+01
  0.42000000E+03   -0.388031867272E+01
  0.42100000E+03   -0.425333087272E+01
  0.42200000E+03   -0.467705327272E+01
  0.42300000E+03   -0.514752507272E+01
  0.42400000E+03   -0.566521337272E+01
  0.42500000E+03   -0.623031617272E+01
  0.42600000E+03   -0.684623547272E+01
  0.42700000E+03   -0.750844087272E+01
  0.42800000E+03   -0.822398677272E+01
  0.42900000E+03   -0.897814787272E+01
  0.43000000E+03   -0.978358597272E+01
  0.43100000E+03   -0.106436804727E+02
  0.43200000E+03   -0.115480074727E+02
  0.43300000E+03   -0.125063014727E+02
  0.43400000E+03   -0.135117154727E+02
  0.43500000E+03   -0.145777844727E+02
