  0.00000000E+00   -0.234109013482E+01
  0.10000000E+01   -0.228361733482E+01
  0.20000000E+01   -0.289836293482E+01
  0.30000000E+01   -0.389610023482E+01
  0.40000000E+01   -0.515957523482E+01
  0.50000000E+01   -0.662381073482E+01
  0.60000000E+01   -0.824781623482E+01
  0.70000000E+01   -0.100037027348E+02
  0.80000000E+01   -0.118708473348E+02
  0.90000000E+01   -0.138329643348E+02
  0.10000000E+02   -0.158776003348E+02
  0.11000000E+02   -0.179950943348E+02
  0.12000000E+02   -0.201767943348E+02
  0.13000000E+02   -0.224149503348E+02
  0.14000000E+02   -0.247035873348E+02
  0.15000000E+02   -0.270382533348E+02
  0.16000000E+02   -0.294133493348E+02
  0.17000000E+02   -0.318257503348E+02
  0.18000000E+02   -0.342710513348E+02
  0.19000000E+02   -0.367467613348E+02
  0.20000000E+02   -0.392491143348E+02
  0.21000000E+02   -0.417748583348E+02
  0.22000000E+02   -0.443217143348E+02
  0.23000000E+02   -0.468887523348E+02
  0.24000000E+02   -0.494716183348E+02
  0.25000000E+02   -0.520689073348E+02
  0.26000000E+02   -0.546771993348E+02
  0.27000000E+02   -0.572960623348E+02
  0.28000000E+02   -0.599214143348E+02
  0.29000000E+02   -0.625509203348E+02
  0.30000000E+02   -0.651810413348E+02
  0.31000000E+02   -0.678082923348E+02
  0.32000000E+02   -0.704301283348E+02
  0.33000000E+02   -0.730396333348E+02
  0.34000000E+02   -0.756335373348E+02
  0.35000000E+02   -0.782035323348E+02
  0.36000000E+02   -0.807415533348E+02
  0.37000000E+02   -0.832405073348E+02
  0.38000000E+02   -0.856934853348E+02
  0.39000000E+02   -0.880927513348E+02
  0.40000000E+02   -0.904360863348E+02
  0.41000000E+02   -0.927229163348E+02
  0.42000000E+02   -0.949575093348E+02
  0.43000000E+02   -0.971438043348E+02
  0.44000000E+02   -0.992874933348E+02
  0.45000000E+02   -0.101391394335E+03
  0.46000000E+02   -0.103463994335E+03
  0.47000000E+02   -0.105506894335E+03
  0.48000000E+02   -0.107521244335E+03
  0.49000000E+02   -0.109511654335E+03
  0.50000000E+02   -0.111477374335E+03
  0.51000000E+02   -0.113424024335E+03
  0.52000000E+02   -0.115349834335E+03
  0.53000000E+02   -0.117256084335E+03
  0.54000000E+02   -0.119143994335E+03
  0.55000000E+02   -0.121016274335E+03
  0.56000000E+02   -0.122872794335E+03
  0.57000000E+02   -0.124712564335E+03
  0.58000000E+02   -0.126537294335E+03
  0.59000000E+02   -0.128348304335E+03
  0.60000000E+02   -0.130146174335E+03
  0.61000000E+02   -0.131930904335E+03
  0.62000000E+02   -0.133704374335E+03
  0.63000000E+02   -0.135464964335E+03
  0.64000000E+02   -0.137212934335E+03
  0.65000000E+02   -0.138948544335E+03
  0.66000000E+02   -0.140672964335E+03
  0.67000000E+02   -0.142387484335E+03
  0.68000000E+02   -0.144090164335E+03
  0.69000000E+02   -0.145783044335E+03
  0.70000000E+02   -0.147465714335E+03
  0.71000000E+02   -0.149138314335E+03
  0.72000000E+02   -0.150801564335E+03
  0.73000000E+02   -0.152453914335E+03
  0.74000000E+02   -0.154099314335E+03
  0.75000000E+02   -0.155734244335E+03
  0.76000000E+02   -0.157360244335E+03
  0.77000000E+02   -0.158976574335E+03
  0.78000000E+02   -0.160588214335E+03
  0.79000000E+02   -0.162189004335E+03
  0.80000000E+02   -0.163782754335E+03
  0.81000000E+02   -0.165368264335E+03
  0.82000000E+02   -0.166947654335E+03
  0.83000000E+02   -0.168517364335E+03
  0.84000000E+02   -0.170078044335E+03
  0.85000000E+02   -0.171632134335E+03
  0.86000000E+02   -0.173180324335E+03
  0.87000000E+02   -0.174721504335E+03
  0.88000000E+02   -0.176255084335E+03
  0.89000000E+02   -0.177781384335E+03
  0.90000000E+02   -0.179301514335E+03
  0.91000000E+02   -0.180816784335E+03
  0.92000000E+02   -0.182324484335E+03
  0.93000000E+02   -0.183823924335E+03
  0.94000000E+02   -0.185319524335E+03
  0.95000000E+02   -0.186806924335E+03
  0.96000000E+02   -0.188288194335E+03
  0.97000000E+02   -0.189763454335E+03
  0.98000000E+02   -0.191233464335E+03
  0.99000000E+02   -0.192697374335E+03
  0.10000000E+03   -0.194153974335E+03
  0.10100000E+03   -0.195607734335E+03
  0.10200000E+03   -0.197054644335E+03
  0.10300000E+03   -0.198496134335E+03
  0.10400000E+03   -0.199932114335E+03
  0.10500000E+03   -0.201364094335E+03
  0.10600000E+03   -0.202791074335E+03
  0.10700000E+03   -0.204212024335E+03
  0.10800000E+03   -0.205626154335E+03
  0.10900000E+03   -0.207034024335E+03
  0.11000000E+03   -0.208435724335E+03
  0.11100000E+03   -0.209833414335E+03
  0.11200000E+03   -0.211225264335E+03
  0.11300000E+03   -0.212611594335E+03
  0.11400000E+03   -0.213994514335E+03
  0.11500000E+03   -0.215370504335E+03
  0.11600000E+03   -0.216742594335E+03
  0.11700000E+03   -0.218111744335E+03
  0.11800000E+03   -0.219473704335E+03
  0.11900000E+03   -0.220829654335E+03
  0.12000000E+03   -0.222181294335E+03
  0.12100000E+03   -0.223527394335E+03
  0.12200000E+03   -0.224868334335E+03
  0.12300000E+03   -0.226205264335E+03
  0.12400000E+03   -0.227534384335E+03
  0.12500000E+03   -0.228857154335E+03
  0.12600000E+03   -0.230172534335E+03
  0.12700000E+03   -0.231480354335E+03
  0.12800000E+03   -0.232779764335E+03
  0.12900000E+03   -0.234071874335E+03
  0.13000000E+03   -0.235354444335E+03
  0.13100000E+03   -0.236630794335E+03
  0.13200000E+03   -0.237892894335E+03
  0.13300000E+03   -0.239143714335E+03
  0.13400000E+03   -0.240382994335E+03
  0.13500000E+03   -0.241609844335E+03
  0.13600000E+03   -0.242821894335E+03
  0.13700000E+03   -0.244015174335E+03
  0.13800000E+03   -0.245192784335E+03
  0.13900000E+03   -0.246353454335E+03
  0.14000000E+03   -0.247498904335E+03
  0.14100000E+03   -0.248626024335E+03
  0.14200000E+03   -0.249739854335E+03
  0.14300000E+03   -0.250835704335E+03
  0.14400000E+03   -0.251917904335E+03
  0.14500000E+03   -0.252985624335E+03
  0.14600000E+03   -0.254041314335E+03
  0.14700000E+03   -0.255085354335E+03
  0.14800000E+03   -0.256119104335E+03
  0.14900000E+03   -0.257143304335E+03
  0.15000000E+03   -0.258160994335E+03
  0.15100000E+03   -0.259168244335E+03
  0.15200000E+03   -0.260168064335E+03
  0.15300000E+03   -0.261161804335E+03
  0.15400000E+03   -0.262149594335E+03
  0.15500000E+03   -0.263132844335E+03
  0.15600000E+03   -0.264112514335E+03
  0.15700000E+03   -0.265083984335E+03
  0.15800000E+03   -0.266053504335E+03
  0.15900000E+03   -0.267016464335E+03
  0.16000000E+03   -0.267974774335E+03
  0.16100000E+03   -0.268927834335E+03
  0.16200000E+03   -0.269878384335E+03
  0.16300000E+03   -0.270824654335E+03
  0.16400000E+03   -0.271764714335E+03
  0.16500000E+03   -0.272703784335E+03
  0.16600000E+03   -0.273638034335E+03
  0.16700000E+03   -0.274567844335E+03
  0.16800000E+03   -0.275495424335E+03
  0.16900000E+03   -0.276417354335E+03
  0.17000000E+03   -0.277335144335E+03
  0.17100000E+03   -0.278249324335E+03
  0.17200000E+03   -0.279162044335E+03
  0.17300000E+03   -0.280068784335E+03
  0.17400000E+03   -0.280971934335E+03
  0.17500000E+03   -0.281874704335E+03
  0.17600000E+03   -0.282773374335E+03
  0.17700000E+03   -0.283667634335E+03
  0.17800000E+03   -0.284558454335E+03
  0.17900000E+03   -0.285447594335E+03
  0.18000000E+03   -0.286333274335E+03
  0.18100000E+03   -0.287214344335E+03
  0.18200000E+03   -0.288090414335E+03
  0.18300000E+03   -0.288964414335E+03
  0.18400000E+03   -0.289837514335E+03
  0.18500000E+03   -0.290707244335E+03
  0.18600000E+03   -0.291574474335E+03
  0.18700000E+03   -0.292438614335E+03
  0.18800000E+03   -0.293299354335E+03
  0.18900000E+03   -0.294158694335E+03
  0.19000000E+03   -0.295015854335E+03
  0.19100000E+03   -0.295869664335E+03
  0.19200000E+03   -0.296718834335E+03
  0.19300000E+03   -0.297564234335E+03
  0.19400000E+03   -0.298407624335E+03
  0.19500000E+03   -0.299249884335E+03
  0.19600000E+03   -0.300087024335E+03
  0.19700000E+03   -0.300921944335E+03
  0.19800000E+03   -0.301755944335E+03
  0.19900000E+03   -0.302586034335E+03
  0.20000000E+03   -0.303413164335E+03
  0.20100000E+03   -0.304239014335E+03
  0.20200000E+03   -0.305062704335E+03
  0.20300000E+03   -0.305882314335E+03
  0.20400000E+03   -0.306703784335E+03
  0.20500000E+03   -0.307520234335E+03
  0.20600000E+03   -0.308332654335E+03
  0.20700000E+03   -0.309145464335E+03
  0.20800000E+03   -0.309954184335E+03
  0.20900000E+03   -0.310761704335E+03
  0.21000000E+03   -0.311566664335E+03
  0.21100000E+03   -0.312369364335E+03
  0.21200000E+03   -0.313167894335E+03
  0.21300000E+03   -0.313964874335E+03
  0.21400000E+03   -0.314759044335E+03
  0.21500000E+03   -0.315550324335E+03
  0.21600000E+03   -0.316342764335E+03
  0.21700000E+03   -0.317131754335E+03
  0.21800000E+03   -0.317916234335E+03
  0.21900000E+03   -0.318699654335E+03
  0.22000000E+03   -0.319483514335E+03
  0.22100000E+03   -0.320261694335E+03
  0.22200000E+03   -0.321037534335E+03
  0.22300000E+03   -0.321813244335E+03
  0.22400000E+03   -0.322585684335E+03
  0.22500000E+03   -0.323356214335E+03
  0.22600000E+03   -0.324122104335E+03
  0.22700000E+03   -0.324889154335E+03
  0.22800000E+03   -0.325655214335E+03
  0.22900000E+03   -0.326416444335E+03
  0.23000000E+03   -0.327175974335E+03
  0.23100000E+03   -0.327930494335E+03
  0.23200000E+03   -0.328686954335E+03
  0.23300000E+03   -0.329436944335E+03
  0.23400000E+03   -0.330184084335E+03
  0.23500000E+03   -0.330930954335E+03
  0.23600000E+03   -0.331677194335E+03
  0.23700000E+03   -0.332420134335E+03
  0.23800000E+03   -0.333161114335E+03
  0.23900000E+03   -0.333899004335E+03
  0.24000000E+03   -0.334636924335E+03
  0.24100000E+03   -0.335371284335E+03
  0.24200000E+03   -0.336103344335E+03
  0.24300000E+03   -0.336832774335E+03
  0.24400000E+03   -0.337562454335E+03
  0.24500000E+03   -0.338285494335E+03
  0.24600000E+03   -0.339007034335E+03
  0.24700000E+03   -0.339727264335E+03
  0.24800000E+03   -0.340446944335E+03
  0.24900000E+03   -0.341163914335E+03
  0.25000000E+03   -0.341877084335E+03
  0.25100000E+03   -0.342588164335E+03
  0.25200000E+03   -0.343296604335E+03
  0.25300000E+03   -0.344000454335E+03
  0.25400000E+03   -0.344702394335E+03
  0.25500000E+03   -0.345399554335E+03
  0.25600000E+03   -0.346092124335E+03
  0.25700000E+03   -0.346780644335E+03
  0.25800000E+03   -0.347462974335E+03
  0.25900000E+03   -0.348139244335E+03
  0.26000000E+03   -0.348808834335E+03
  0.26100000E+03   -0.349471114335E+03
  0.26200000E+03   -0.350125164335E+03
  0.26300000E+03   -0.350766474335E+03
  0.26400000E+03   -0.351396494335E+03
  0.26500000E+03   -0.352013334335E+03
  0.26600000E+03   -0.352616054335E+03
  0.26700000E+03   -0.353199074335E+03
  0.26800000E+03   -0.353763554335E+03
  0.26900000E+03   -0.354309274335E+03
  0.27000000E+03   -0.354831024335E+03
  0.27100000E+03   -0.355328884335E+03
  0.27200000E+03   -0.355797384335E+03
  0.27300000E+03   -0.356235254335E+03
  0.27400000E+03   -0.356641124335E+03
  0.27500000E+03   -0.357014714335E+03
  0.27600000E+03   -0.357358134335E+03
  0.27700000E+03   -0.357665964335E+03
  0.27800000E+03   -0.357947074335E+03
  0.27900000E+03   -0.358197004335E+03
  0.28000000E+03   -0.358422854335E+03
  0.28100000E+03   -0.358625224335E+03
  0.28200000E+03   -0.358807094335E+03
  0.28300000E+03   -0.358973844335E+03
  0.28400000E+03   -0.359123534335E+03
  0.28500000E+03   -0.359263054335E+03
  0.28600000E+03   -0.359391474335E+03
  0.28700000E+03   -0.359512964335E+03
  0.28800000E+03   -0.359624624335E+03
  0.28900000E+03   -0.359732974335E+03
  0.29000000E+03   -0.359834404335E+03
  0.29100000E+03   -0.359932504335E+03
  0.29200000E+03   -0.360027634335E+03
  0.29300000E+03   -0.360121454335E+03
  0.29400000E+03   -0.360211244335E+03
  0.29500000E+03   -0.360300354335E+03
  0.29600000E+03   -0.360384114335E+03
  0.29700000E+03   -0.360471114335E+03
  0.29800000E+03   -0.360554774335E+03
  0.29900000E+03   -0.360636774335E+03
  0.30000000E+03   -0.360716824335E+03
  0.30100000E+03   -0.360795024335E+03
  0.30200000E+03   -0.360871044335E+03
  0.30300000E+03   -0.360946814335E+03
  0.30400000E+03   -0.361021334335E+03
  0.30500000E+03   -0.361093474335E+03
  0.30600000E+03   -0.361165364335E+03
  0.30700000E+03   -0.361235794335E+03
  0.30800000E+03   -0.361303024335E+03
  0.30900000E+03   -0.361372284335E+03
  0.31000000E+03   -0.361440414335E+03
  0.31100000E+03   -0.361502454335E+03
  0.31200000E+03   -0.361568354335E+03
  0.31300000E+03   -0.361628714335E+03
  0.31400000E+03   -0.361691174335E+03
  0.31500000E+03   -0.361753714335E+03
  0.31600000E+03   -0.361811804335E+03
  0.31700000E+03   -0.361868414335E+03
  0.31800000E+03   -0.361924304335E+03
  0.31900000E+03   -0.361980114335E+03
  0.32000000E+03   -0.362035134335E+03
  0.32100000E+03   -0.362090424335E+03
  0.32200000E+03   -0.362141654335E+03
  0.32300000E+03   -0.362197194335E+03
  0.32400000E+03   -0.362246584335E+03
  0.32500000E+03   -0.362298044335E+03
  0.32600000E+03   -0.362349094335E+03
  0.32700000E+03   -0.362399554335E+03
  0.32800000E+03   -0.362449934335E+03
  0.32900000E+03   -0.362497124335E+03
  0.33000000E+03   -0.362542734335E+03
  0.33100000E+03   -0.362590724335E+03
  0.33200000E+03   -0.362635514335E+03
  0.33300000E+03   -0.362680434335E+03
  0.33400000E+03   -0.362724804335E+03
  0.33500000E+03   -0.362768164335E+03
  0.33600000E+03   -0.362810754335E+03
  0.33700000E+03   -0.362851254335E+03
  0.33800000E+03   -0.362894494335E+03
  0.33900000E+03   -0.362936604335E+03
  0.34000000E+03   -0.362975614335E+03
  0.34100000E+03   -0.363015534335E+03
  0.34200000E+03   -0.363051744335E+03
  0.34300000E+03   -0.363085284335E+03
  0.34400000E+03   -0.363121404335E+03
  0.34500000E+03   -0.363159874335E+03
  0.34600000E+03   -0.363194074335E+03
  0.34700000E+03   -0.363229584335E+03
  0.34800000E+03   -0.363263264335E+03
  0.34900000E+03   -0.363296854335E+03
  0.35000000E+03   -0.363325854335E+03
  0.35100000E+03   -0.363356114335E+03
  0.35200000E+03   -0.363387494335E+03
  0.35300000E+03   -0.363416644335E+03
  0.35400000E+03   -0.363444874335E+03
  0.35500000E+03   -0.363473994335E+03
  0.35600000E+03   -0.363503894335E+03
  0.35700000E+03   -0.363530844335E+03
  0.35800000E+03   -0.363559934335E+03
  0.35900000E+03   -0.363588964335E+03
  0.36000000E+03   -0.363616894335E+03
  0.36100000E+03   -0.363643064335E+03
  0.36200000E+03   -0.363671274335E+03
  0.36300000E+03   -0.363699674335E+03
  0.36400000E+03   -0.363724914335E+03
  0.36500000E+03   -0.363748814335E+03
  0.36600000E+03   -0.363775334335E+03
  0.36700000E+03   -0.363801514335E+03
  0.36800000E+03   -0.363823904335E+03
  0.36900000E+03   -0.363845384335E+03
  0.37000000E+03   -0.363866084335E+03
  0.37100000E+03   -0.363889544335E+03
  0.37200000E+03   -0.363910284335E+03
  0.37300000E+03   -0.363933224335E+03
  0.37400000E+03   -0.363955674335E+03
  0.37500000E+03   -0.363974294335E+03
  0.37600000E+03   -0.363995474335E+03
  0.37700000E+03   -0.364016324335E+03
  0.37800000E+03   -0.364035064335E+03
  0.37900000E+03   -0.364053234335E+03
  0.38000000E+03   -0.364073254335E+03
  0.38100000E+03   -0.364089534335E+03
  0.38200000E+03   -0.364105614335E+03
  0.38300000E+03   -0.364124004335E+03
  0.38400000E+03   -0.364136954335E+03
  0.38500000E+03   -0.364152404335E+03
  0.38600000E+03   -0.364168784335E+03
  0.38700000E+03   -0.364183984335E+03
  0.38800000E+03   -0.364198194335E+03
  0.38900000E+03   -0.364212214335E+03
  0.39000000E+03   -0.364227094335E+03
  0.39100000E+03   -0.364240944335E+03
  0.39200000E+03   -0.364254924335E+03
  0.39300000E+03   -0.364270954335E+03
  0.39400000E+03   -0.364282324335E+03
  0.39500000E+03   -0.364294834335E+03
  0.39600000E+03   -0.364309923702E+03
  0.39700000E+03   -0.364322952502E+03
  0.39800000E+03   -0.364337218602E+03
  0.39900000E+03   -0.364348503335E+03
  0.40000000E+03   -0.364359476752E+03
  0.40100000E+03   -0.364369847052E+03
  0.40200000E+03   -0.364379039152E+03
  0.40300000E+03   -0.364388404852E+03
  0.40400000E+03   -0.364396722252E+03
  0.40500000E+03   -0.364409579352E+03
  0.40600000E+03   -0.364416682052E+03
  0.40700000E+03   -0.364422919252E+03
  0.40800000E+03   -0.364426084752E+03
  0.40900000E+03   -0.364436598252E+03
  0.41000000E+03   -0.364447635152E+03
  0.41100000E+03   -0.364453697552E+03
  0.41200000E+03   -0.364460346552E+03
  0.41300000E+03   -0.364469798952E+03
  0.41400000E+03   -0.364474012552E+03
  0.41500000E+03   -0.364482312852E+03
  0.41600000E+03   -0.364488552452E+03
  0.41700000E+03   -0.364490644952E+03
  0.41800000E+03   -0.364495432652E+03
  0.41900000E+03   -0.364506404752E+03
  0.42000000E+03   -0.364512354552E+03
  0.42100000E+03   -0.364514511652E+03
  0.42200000E+03   -0.364519039752E+03
  0.42300000E+03   -0.364528580752E+03
  0.42400000E+03   -0.364536228652E+03
  0.42500000E+03   -0.364542676152E+03
  0.42600000E+03   -0.364549076152E+03
  0.42700000E+03   -0.364552188952E+03
  0.42800000E+03   -0.364557199852E+03
  0.42900000E+03   -0.364561027652E+03
  0.43000000E+03   -0.364562688252E+03
  0.43100000E+03   -0.364566290852E+03
  0.43200000E+03   -0.364566552452E+03
  0.43300000E+03   -0.364568109252E+03
  0.43400000E+03   -0.364568533552E+03
  0.43500000E+03   -0.364567361452E+03
  0.43600000E+03   -0.364571252152E+03
  0.43700000E+03   -0.364571019052E+03
  0.43800000E+03   -0.364570142452E+03
  0.43900000E+03   -0.364577101852E+03
  0.44000000E+03   -0.364579850552E+03
  0.44100000E+03   -0.364583347652E+03
  0.44200000E+03   -0.364586307252E+03
  0.44300000E+03   -0.364584693352E+03
  0.44400000E+03   -0.364585641352E+03
  0.44500000E+03   -0.364582874152E+03
  0.44600000E+03   -0.364579856052E+03
  0.44700000E+03   -0.364580359852E+03
  0.44800000E+03   -0.364578506552E+03
  0.44900000E+03   -0.364573709852E+03
  0.45000000E+03   -0.364571226352E+03
  0.45100000E+03   -0.364566900052E+03
  0.45200000E+03   -0.364564180152E+03
  0.45300000E+03   -0.364560721352E+03
  0.45400000E+03   -0.364554669152E+03
  0.45500000E+03   -0.364553548952E+03
  0.45600000E+03   -0.364551395152E+03
  0.45700000E+03   -0.364547135752E+03
  0.45800000E+03   -0.364545555752E+03
  0.45900000E+03   -0.364540991752E+03
  0.46000000E+03   -0.364538505952E+03
  0.46100000E+03   -0.364536615652E+03
  0.46200000E+03   -0.364534162552E+03
  0.46300000E+03   -0.364529298152E+03
  0.46400000E+03   -0.364522816852E+03
  0.46500000E+03   -0.364514250952E+03
  0.46600000E+03   -0.364505852952E+03
  0.46700000E+03   -0.364499372652E+03
  0.46800000E+03   -0.364495962452E+03
  0.46900000E+03   -0.364493290152E+03
  0.47000000E+03   -0.364486335552E+03
  0.47100000E+03   -0.364473128852E+03
  0.47200000E+03   -0.364460668952E+03
  0.47300000E+03   -0.364446084852E+03
  0.47400000E+03   -0.364435856052E+03
  0.47500000E+03   -0.364424961452E+03
  0.47600000E+03   -0.364413121452E+03
  0.47700000E+03   -0.364409759752E+03
  0.47800000E+03   -0.364397099452E+03
  0.47900000E+03   -0.364385025752E+03
  0.48000000E+03   -0.364372426252E+03
  0.48100000E+03   -0.364364745752E+03
  0.48200000E+03   -0.364354909952E+03
  0.48300000E+03   -0.364340402352E+03
  0.48400000E+03   -0.364325741252E+03
  0.48500000E+03   -0.364312978152E+03
  0.48600000E+03   -0.364301336252E+03
  0.48700000E+03   -0.364286195952E+03
  0.48800000E+03   -0.364272794652E+03
  0.48900000E+03   -0.364261515952E+03
  0.49000000E+03   -0.364241826852E+03
  0.49100000E+03   -0.364225097952E+03
  0.49200000E+03   -0.364205636352E+03
  0.49300000E+03   -0.364191912052E+03
  0.49400000E+03   -0.364170686252E+03
  0.49500000E+03   -0.364151029852E+03
  0.49600000E+03   -0.364133791252E+03
  0.49700000E+03   -0.364112545052E+03
  0.49800000E+03   -0.364093703252E+03
  0.49900000E+03   -0.364071388852E+03
  0.50000000E+03   -0.364048417752E+03
  0.50100000E+03   -0.364024196652E+03
  0.50200000E+03   -0.364000198402E+03
  0.50300000E+03   -0.363977870402E+03
  0.50400000E+03   -0.363954016701E+03
  0.50500000E+03   -0.363934068768E+03
  0.50600000E+03   -0.363910231652E+03
  0.50700000E+03   -0.363879244652E+03
  0.50800000E+03   -0.363852197652E+03
  0.50900000E+03   -0.363824883652E+03
  0.51000000E+03   -0.363798115652E+03
  0.51100000E+03   -0.363768890652E+03
  0.51200000E+03   -0.363740450652E+03
  0.51300000E+03   -0.363710712652E+03
  0.51400000E+03   -0.363683092652E+03
  0.51500000E+03   -0.363650358652E+03
  0.51600000E+03   -0.363619913652E+03
  0.51700000E+03   -0.363584342652E+03
  0.51800000E+03   -0.363550853652E+03
  0.51900000E+03   -0.363516021652E+03
  0.52000000E+03   -0.363477590652E+03
  0.52100000E+03   -0.363440585652E+03
  0.52200000E+03   -0.363396736652E+03
  0.52300000E+03   -0.363352032652E+03
  0.52400000E+03   -0.363308900652E+03
  0.52500000E+03   -0.363263622652E+03
  0.52600000E+03   -0.363211190652E+03
  0.52700000E+03   -0.363156914652E+03
  0.52800000E+03   -0.363094998652E+03
  0.52900000E+03   -0.363028066652E+03
  0.53000000E+03   -0.362952242652E+03
  0.53100000E+03   -0.362867130652E+03
  0.53200000E+03   -0.362758983652E+03
  0.53300000E+03   -0.362637842652E+03
  0.53400000E+03   -0.362494216652E+03
  0.53500000E+03   -0.362322779652E+03
  0.53600000E+03   -0.362117152652E+03
  0.53700000E+03   -0.361881890652E+03
  0.53800000E+03   -0.361601185652E+03
  0.53900000E+03   -0.361272242652E+03
  0.54000000E+03   -0.360903084652E+03
  0.54100000E+03   -0.360502558652E+03
  0.54200000E+03   -0.360060957652E+03
  0.54300000E+03   -0.359587887652E+03
  0.54400000E+03   -0.359087896652E+03
  0.54500000E+03   -0.358568875652E+03
  0.54600000E+03   -0.358030500652E+03
  0.54700000E+03   -0.357473411652E+03
  0.54800000E+03   -0.356905045652E+03
  0.54900000E+03   -0.356325216652E+03
  0.55000000E+03   -0.355730091652E+03
  0.55100000E+03   -0.355126758652E+03
  0.55200000E+03   -0.354517490652E+03
  0.55300000E+03   -0.353901431652E+03
  0.55400000E+03   -0.353280286652E+03
  0.55500000E+03   -0.352654132652E+03
  0.55600000E+03   -0.352020984652E+03
  0.55700000E+03   -0.351388841652E+03
  0.55800000E+03   -0.350750261652E+03
  0.55900000E+03   -0.350103824652E+03
  0.56000000E+03   -0.349454770652E+03
  0.56100000E+03   -0.348804952652E+03
  0.56200000E+03   -0.348158129652E+03
  0.56300000E+03   -0.347502332652E+03
  0.56400000E+03   -0.346842641652E+03
  0.56500000E+03   -0.346184643952E+03
  0.56600000E+03   -0.345521358252E+03
  0.56700000E+03   -0.344855530052E+03
  0.56800000E+03   -0.344186340052E+03
  0.56900000E+03   -0.343520144552E+03
  0.57000000E+03   -0.342849220652E+03
  0.57100000E+03   -0.342176826052E+03
  0.57200000E+03   -0.341499111052E+03
  0.57300000E+03   -0.340818103952E+03
  0.57400000E+03   -0.340138375785E+03
  0.57500000E+03   -0.339457034118E+03
  0.57600000E+03   -0.338769285268E+03
  0.57700000E+03   -0.338082992835E+03
  0.57800000E+03   -0.337393453858E+03
  0.57900000E+03   -0.336693448858E+03
  0.58000000E+03   -0.335999431858E+03
  0.58100000E+03   -0.335298967858E+03
  0.58200000E+03   -0.334601157858E+03
  0.58300000E+03   -0.333902778858E+03
  0.58400000E+03   -0.333206409858E+03
  0.58500000E+03   -0.332497777858E+03
  0.58600000E+03   -0.331798665858E+03
  0.58700000E+03   -0.331088655858E+03
  0.58800000E+03   -0.330366086858E+03
  0.58900000E+03   -0.329652633858E+03
  0.59000000E+03   -0.328930449858E+03
  0.59100000E+03   -0.328213975858E+03
  0.59200000E+03   -0.327500012858E+03
  0.59300000E+03   -0.326775308858E+03
  0.59400000E+03   -0.326051798858E+03
  0.59500000E+03   -0.325319051858E+03
  0.59600000E+03   -0.324585973858E+03
  0.59700000E+03   -0.323851934858E+03
  0.59800000E+03   -0.323130035858E+03
  0.59900000E+03   -0.322393456858E+03
  0.60000000E+03   -0.321648311858E+03
  0.60100000E+03   -0.320904407858E+03
  0.60200000E+03   -0.320162349858E+03
  0.60300000E+03   -0.319417344858E+03
  0.60400000E+03   -0.318668337858E+03
  0.60500000E+03   -0.317925476858E+03
  0.60600000E+03   -0.317179847858E+03
  0.60700000E+03   -0.316424001858E+03
  0.60800000E+03   -0.315668590858E+03
  0.60900000E+03   -0.314912440858E+03
  0.61000000E+03   -0.314147642858E+03
  0.61100000E+03   -0.313378051858E+03
  0.61200000E+03   -0.312608409858E+03
  0.61300000E+03   -0.311835500858E+03
  0.61400000E+03   -0.311066027858E+03
  0.61500000E+03   -0.310286389858E+03
  0.61600000E+03   -0.309509089858E+03
  0.61700000E+03   -0.308727994858E+03
  0.61800000E+03   -0.307944705858E+03
  0.61900000E+03   -0.307164497858E+03
  0.62000000E+03   -0.306379215858E+03
  0.62100000E+03   -0.305588739858E+03
  0.62200000E+03   -0.304796199858E+03
  0.62300000E+03   -0.304005961858E+03
  0.62400000E+03   -0.303212830858E+03
  0.62500000E+03   -0.302414176358E+03
  0.62600000E+03   -0.301611666358E+03
  0.62700000E+03   -0.300816762158E+03
  0.62800000E+03   -0.300006428758E+03
  0.62900000E+03   -0.299197755758E+03
  0.63000000E+03   -0.298379154258E+03
  0.63100000E+03   -0.297560602258E+03
  0.63200000E+03   -0.296744025592E+03
  0.63300000E+03   -0.295913633725E+03
  0.63400000E+03   -0.295087863425E+03
  0.63500000E+03   -0.294262063891E+03
  0.63600000E+03   -0.293426496415E+03
  0.63700000E+03   -0.292591955415E+03
  0.63800000E+03   -0.291752231415E+03
  0.63900000E+03   -0.290899815415E+03
  0.64000000E+03   -0.290048703415E+03
  0.64100000E+03   -0.289194036415E+03
  0.64200000E+03   -0.288335706415E+03
  0.64300000E+03   -0.287474518415E+03
  0.64400000E+03   -0.286605584415E+03
  0.64500000E+03   -0.285742847415E+03
  0.64600000E+03   -0.284874078415E+03
  0.64700000E+03   -0.283996171415E+03
  0.64800000E+03   -0.283112400415E+03
  0.64900000E+03   -0.282219091415E+03
  0.65000000E+03   -0.281321463415E+03
  0.65100000E+03   -0.280415619415E+03
  0.65200000E+03   -0.279499875415E+03
  0.65300000E+03   -0.278585119415E+03
  0.65400000E+03   -0.277658185415E+03
  0.65500000E+03   -0.276718439415E+03
  0.65600000E+03   -0.275771182415E+03
  0.65700000E+03   -0.274804609415E+03
  0.65800000E+03   -0.273823237415E+03
  0.65900000E+03   -0.272839942415E+03
  0.66000000E+03   -0.271838091415E+03
  0.66100000E+03   -0.270820680415E+03
  0.66200000E+03   -0.269783322415E+03
  0.66300000E+03   -0.268734635415E+03
  0.66400000E+03   -0.267666665415E+03
  0.66500000E+03   -0.266590552415E+03
  0.66600000E+03   -0.265499056415E+03
  0.66700000E+03   -0.264393794415E+03
  0.66800000E+03   -0.263273867415E+03
  0.66900000E+03   -0.262144567415E+03
  0.67000000E+03   -0.261008049415E+03
  0.67100000E+03   -0.259859085415E+03
  0.67200000E+03   -0.258698781415E+03
  0.67300000E+03   -0.257526053415E+03
  0.67400000E+03   -0.256349560415E+03
  0.67500000E+03   -0.255174082415E+03
  0.67600000E+03   -0.253979956415E+03
  0.67700000E+03   -0.252777799415E+03
  0.67800000E+03   -0.251577241415E+03
  0.67900000E+03   -0.250362990115E+03
  0.68000000E+03   -0.249146816815E+03
  0.68100000E+03   -0.247925702215E+03
  0.68200000E+03   -0.246703893965E+03
  0.68300000E+03   -0.245470257298E+03
  0.68400000E+03   -0.244231311597E+03
  0.68500000E+03   -0.242996779664E+03
  0.68600000E+03   -0.241756766945E+03
  0.68700000E+03   -0.240517947945E+03
  0.68800000E+03   -0.239265262945E+03
  0.68900000E+03   -0.237999532945E+03
  0.69000000E+03   -0.236727545945E+03
  0.69100000E+03   -0.235448543945E+03
  0.69200000E+03   -0.234185286945E+03
  0.69300000E+03   -0.232895466945E+03
  0.69400000E+03   -0.231621191945E+03
  0.69500000E+03   -0.230325587945E+03
  0.69600000E+03   -0.229014698945E+03
  0.69700000E+03   -0.227710088945E+03
  0.69800000E+03   -0.226404621945E+03
  0.69900000E+03   -0.225088903945E+03
  0.70000000E+03   -0.223756250945E+03
  0.70100000E+03   -0.222427500945E+03
  0.70200000E+03   -0.221081120945E+03
  0.70300000E+03   -0.219736818945E+03
  0.70400000E+03   -0.218384734945E+03
  0.70500000E+03   -0.217041819945E+03
  0.70600000E+03   -0.215675381945E+03
  0.70700000E+03   -0.214292740945E+03
  0.70800000E+03   -0.212907369945E+03
  0.70900000E+03   -0.211529584945E+03
  0.71000000E+03   -0.210142722945E+03
  0.71100000E+03   -0.208740617945E+03
  0.71200000E+03   -0.207330349945E+03
  0.71300000E+03   -0.205915899945E+03
  0.71400000E+03   -0.204482393945E+03
  0.71500000E+03   -0.203046053945E+03
  0.71600000E+03   -0.201603040945E+03
  0.71700000E+03   -0.200149856945E+03
  0.71800000E+03   -0.198701064945E+03
  0.71900000E+03   -0.197212883945E+03
  0.72000000E+03   -0.195722738945E+03
  0.72100000E+03   -0.194213182945E+03
  0.72200000E+03   -0.192678106945E+03
  0.72300000E+03   -0.191108577945E+03
  0.72400000E+03   -0.189496311945E+03
  0.72500000E+03   -0.187835932645E+03
  0.72600000E+03   -0.186103194895E+03
  0.72700000E+03   -0.184304185495E+03
  0.72800000E+03   -0.182437038295E+03
  0.72900000E+03   -0.180511718362E+03
  0.73000000E+03   -0.178538187007E+03
  0.73100000E+03   -0.176532891007E+03
  0.73200000E+03   -0.174509826007E+03
  0.73300000E+03   -0.172464956007E+03
  0.73400000E+03   -0.170405764007E+03
  0.73500000E+03   -0.168347997007E+03
  0.73600000E+03   -0.166275063007E+03
  0.73700000E+03   -0.164208723007E+03
  0.73800000E+03   -0.162142871007E+03
  0.73900000E+03   -0.160078791007E+03
  0.74000000E+03   -0.158034837007E+03
  0.74100000E+03   -0.155977367007E+03
  0.74200000E+03   -0.153933329007E+03
  0.74300000E+03   -0.151886586007E+03
  0.74400000E+03   -0.149842104007E+03
  0.74500000E+03   -0.147799010007E+03
  0.74600000E+03   -0.145763685007E+03
  0.74700000E+03   -0.143743059007E+03
  0.74800000E+03   -0.141708701007E+03
  0.74900000E+03   -0.139705265007E+03
  0.75000000E+03   -0.137713082007E+03
  0.75100000E+03   -0.135716374007E+03
  0.75200000E+03   -0.133730002007E+03
  0.75300000E+03   -0.131753603007E+03
  0.75400000E+03   -0.129778999007E+03
  0.75500000E+03   -0.127810183007E+03
  0.75600000E+03   -0.125862385007E+03
  0.75700000E+03   -0.123906025007E+03
  0.75800000E+03   -0.121955751007E+03
  0.75900000E+03   -0.120009325007E+03
  0.76000000E+03   -0.118070629007E+03
  0.76100000E+03   -0.116146368007E+03
  0.76200000E+03   -0.114229981007E+03
  0.76300000E+03   -0.112326605507E+03
  0.76400000E+03   -0.110428686840E+03
  0.76500000E+03   -0.108547961173E+03
  0.76600000E+03   -0.106681075673E+03
  0.76700000E+03   -0.104823025273E+03
  0.76800000E+03   -0.102968114570E+03
  0.76900000E+03   -0.101139196570E+03
  0.77000000E+03   -0.993256685698E+02
  0.77100000E+03   -0.975306955698E+02
  0.77200000E+03   -0.957426945698E+02
  0.77300000E+03   -0.939276475698E+02
  0.77400000E+03   -0.921336255698E+02
  0.77500000E+03   -0.903603095698E+02
  0.77600000E+03   -0.885875665698E+02
  0.77700000E+03   -0.868304965698E+02
  0.77800000E+03   -0.850885085698E+02
  0.77900000E+03   -0.833527245698E+02
  0.78000000E+03   -0.816553165698E+02
  0.78100000E+03   -0.799568935698E+02
  0.78200000E+03   -0.782531355698E+02
  0.78300000E+03   -0.765840915698E+02
  0.78400000E+03   -0.749182955698E+02
  0.78500000E+03   -0.732675345698E+02
  0.78600000E+03   -0.716111995698E+02
  0.78700000E+03   -0.700057255698E+02
  0.78800000E+03   -0.684094185698E+02
  0.78900000E+03   -0.668409175698E+02
  0.79000000E+03   -0.652642575698E+02
  0.79100000E+03   -0.636940815698E+02
  0.79200000E+03   -0.621584615698E+02
  0.79300000E+03   -0.606270125698E+02
  0.79400000E+03   -0.590904815698E+02
  0.79500000E+03   -0.575951515698E+02
  0.79600000E+03   -0.561133926698E+02
  0.79700000E+03   -0.546565623698E+02
  0.79800000E+03   -0.532088139531E+02
  0.79900000E+03   -0.517637340195E+02
  0.80000000E+03   -0.503387085188E+02
  0.80100000E+03   -0.489284947191E+02
  0.80200000E+03   -0.475302757672E+02
  0.80300000E+03   -0.461872047672E+02
  0.80400000E+03   -0.448079217672E+02
  0.80500000E+03   -0.434751307672E+02
  0.80600000E+03   -0.421532447672E+02
  0.80700000E+03   -0.408725297672E+02
  0.80800000E+03   -0.395858447672E+02
  0.80900000E+03   -0.383075067672E+02
  0.81000000E+03   -0.370753177672E+02
  0.81100000E+03   -0.358288907672E+02
  0.81200000E+03   -0.346198197672E+02
  0.81300000E+03   -0.334163577672E+02
  0.81400000E+03   -0.322456817672E+02
  0.81500000E+03   -0.310913337672E+02
  0.81600000E+03   -0.299728227672E+02
  0.81700000E+03   -0.288663767672E+02
  0.81800000E+03   -0.277697327672E+02
  0.81900000E+03   -0.266725507672E+02
  0.82000000E+03   -0.256156457672E+02
  0.82100000E+03   -0.245844827672E+02
  0.82200000E+03   -0.235719327672E+02
  0.82300000E+03   -0.226028527672E+02
  0.82400000E+03   -0.216471564672E+02
  0.82500000E+03   -0.206773321672E+02
  0.82600000E+03   -0.197601629672E+02
  0.82700000E+03   -0.188819375672E+02
  0.82800000E+03   -0.180163231672E+02
  0.82900000E+03   -0.171660854672E+02
  0.83000000E+03   -0.163286458837E+02
  0.83100000E+03   -0.155019991508E+02
  0.83200000E+03   -0.147014982007E+02
  0.83300000E+03   -0.139344685684E+02
  0.83400000E+03   -0.131591440648E+02
  0.83500000E+03   -0.124332890648E+02
  0.83600000E+03   -0.117568270648E+02
  0.83700000E+03   -0.110915120648E+02
  0.83800000E+03   -0.104557861648E+02
  0.83900000E+03   -0.988041926476E+01
  0.84000000E+03   -0.927989786476E+01
  0.84100000E+03   -0.870778376476E+01
  0.84200000E+03   -0.821142006476E+01
  0.84300000E+03   -0.766104046476E+01
  0.84400000E+03   -0.714104716476E+01
  0.84500000E+03   -0.669629126476E+01
  0.84600000E+03   -0.625911406476E+01
  0.84700000E+03   -0.581860516476E+01
  0.84800000E+03   -0.547754676476E+01
  0.84900000E+03   -0.512681936476E+01
  0.85000000E+03   -0.480895556476E+01
  0.85100000E+03   -0.450869356476E+01
  0.85200000E+03   -0.423844156476E+01
  0.85300000E+03   -0.400493276476E+01
  0.85400000E+03   -0.377162316476E+01
  0.85500000E+03   -0.356394446476E+01
  0.85600000E+03   -0.336269816476E+01
  0.85700000E+03   -0.320266586476E+01
  0.85800000E+03   -0.309161616476E+01
  0.85900000E+03   -0.301872256476E+01
  0.86000000E+03   -0.295922116439E+01
  0.86100000E+03   -0.294194546459E+01
  0.86200000E+03   -0.298109486356E+01
  0.86300000E+03   -0.300816186423E+01
  0.86400000E+03   -0.312592819522E+01
  0.86500000E+03   -0.327117549522E+01
  0.86600000E+03   -0.342380569522E+01
  0.86700000E+03   -0.356963799522E+01
  0.86800000E+03   -0.379646319522E+01
  0.86900000E+03   -0.406438029522E+01
  0.87000000E+03   -0.439558249522E+01
  0.87100000E+03   -0.467582099522E+01
  0.87200000E+03   -0.501811679522E+01
  0.87300000E+03   -0.537114179522E+01
  0.87400000E+03   -0.579151699522E+01
  0.87500000E+03   -0.619277339522E+01
  0.87600000E+03   -0.664969339522E+01
  0.87700000E+03   -0.713104309522E+01
  0.87800000E+03   -0.764304339522E+01
  0.87900000E+03   -0.820839169522E+01
  0.88000000E+03   -0.879374449522E+01
  0.88100000E+03   -0.942576169522E+01
  0.88200000E+03   -0.100986147952E+02
  0.88300000E+03   -0.107872943952E+02
  0.88400000E+03   -0.115566523952E+02
  0.88500000E+03   -0.123481803952E+02
  0.88600000E+03   -0.131130163952E+02
  0.88700000E+03   -0.139759353952E+02
  0.88800000E+03   -0.148469137718E+02
  0.88900000E+03   -0.158198366727E+02
  0.89000000E+03   -0.168069688745E+02
  0.89100000E+03   -0.177949382748E+02
  0.89200000E+03   -0.188487183572E+02
  0.89300000E+03   -0.198982748572E+02
  0.89400000E+03   -0.209605057572E+02
  0.89500000E+03   -0.221006783572E+02
  0.89600000E+03   -0.233221681572E+02
  0.89700000E+03   -0.245777311572E+02
  0.89800000E+03   -0.258462211572E+02
  0.89900000E+03   -0.271645161572E+02
  0.90000000E+03   -0.285414001572E+02
  0.90100000E+03   -0.299131141572E+02
  0.90200000E+03   -0.313645871572E+02
  0.90300000E+03   -0.328393491572E+02
  0.90400000E+03   -0.343692051572E+02
  0.90500000E+03   -0.359552451572E+02
  0.90600000E+03   -0.375809401572E+02
  0.90700000E+03   -0.391707571572E+02
  0.90800000E+03   -0.408930971572E+02
  0.90900000E+03   -0.425940091572E+02
  0.91000000E+03   -0.444069351572E+02
  0.91100000E+03   -0.461863041572E+02
  0.91200000E+03   -0.480318721572E+02
  0.91300000E+03   -0.499113211572E+02
  0.91400000E+03   -0.518208281572E+02
  0.91500000E+03   -0.537946151572E+02
  0.91600000E+03   -0.558551381572E+02
  0.91700000E+03   -0.579817781572E+02
  0.91800000E+03   -0.601245851572E+02
  0.91900000E+03   -0.623781691572E+02
  0.92000000E+03   -0.645426001572E+02
